# Created by Octave 5.2.0, Sat Aug 22 00:09:04 2020 EAT <yonas@yonas>
# name: all_theta
# type: matrix
# rows: 4
# columns: 3
 -2.6316784692732855 -0.75668781633231974 -1.1344984409985321
 -3.1247318308466463 2.7507581268523085 1.8336778849999369
 -4.5891017897448325 -2.5311102495239619 2.7578072393707691
 -1.730718731929896 0.53282332659023568 -1.4050752756127514


